START
0 12.967186588339725 16.099012565587817 18.462283354896854 8.676413755076911 9.313465378544334 10.677634340554073 21.859985720453217 22.850858133729577 12.254886596459883 18.22724895245993 11.54177208199707 11.016434046555291 17.254218911620864 10.916278268669593 11.537919990348794 22.79006254594913 10.828654057621076 8.822317432450642 22.727918130746584 18.747993069788624 7.629914639162036 20.276175269647048 21.922468294697076 12.785805600651338 8.80344354867318 24.838342361260306 9.841636716253573 28.06379788673879 4.828315375334751 
12.967186588339725 0 23.075112044685337 25.62211428557886 19.205584555989475 14.013385753445256 17.88811049278758 10.020432338633828 23.144384064825406 18.52406396166773 13.302469802547119 9.664059719648932 9.374639255920433 6.1385784204579625 22.94908929589029 9.543720225693015 24.56656222699026 20.977753425106048 14.101379851051178 12.211440503764457 5.982412746717118 13.981133685231624 29.116773145170256 11.536343106977364 20.534176034043575 25.30782956134051 20.98660843528751 23.930460120085755 19.904588506655774 9.618658573851317 
16.099012565587817 23.075112044685337 0 4.45543002133425 22.01904735263979 21.933978140281692 27.449110066496367 24.583857572675946 7.381633834092745 6.621365249343776 27.583130609873248 15.027608268996039 12.796744763135928 19.560176410977064 18.85897336434276 19.38404935014458 9.629951601134476 11.925309851121945 10.953317688316396 27.886928998198613 22.946949008818944 21.728577763236785 7.538310718418183 21.931531808986097 25.825835908140917 16.93063922825155 16.33552875989412 13.757474598080085 23.501170048107838 14.573972950282748 
18.462283354896854 25.62211428557886 4.45543002133425 0 25.37393424538746 25.18532706347235 29.919663219210783 29.93808587099763 10.974001388742854 12.757230376502417 35.11761531450611 17.443951804134837 16.632977317239646 26.67806366979422 24.819687145985924 25.54387123248293 4.933107259838827 15.079062309690588 14.30239256213125 27.185884552204037 30.49577741132973 21.469061953181207 4.095727503659254 26.250528450518306 27.969268501564404 19.362616006104997 22.18515764232275 18.174063788760655 28.44604144013634 20.451018429201003 
8.676413755076911 19.205584555989475 22.01904735263979 25.37393424538746 0 3.2440948793677804 8.914591091497114 22.630455331894453 26.952236481319087 16.828102995008276 18.10612245532539 17.650634258683624 16.112909897814603 22.923430421649517 10.569698561869203 10.417969572968833 27.12436935409213 12.961515728612543 15.51566549299229 27.161271423310755 15.22143926360071 6.6493803738138375 26.488804877918525 25.52977084446419 8.467157874979998 9.860182825428181 31.27887343800684 9.655692135836734 33.33609423800763 9.229919607626947 
9.313465378544334 14.013385753445256 21.933978140281692 25.18532706347235 3.2440948793677804 0 3.550753609151081 23.60302207776529 29.927833186875468 15.717861403497892 17.20141070901031 13.525539823436706 12.748703773525381 21.983957939434834 10.12923808481006 9.849757346353277 31.559510185286136 16.360393303626992 14.474464200303265 27.27841382563437 14.947564999036738 5.3390646012297385 26.263621762929663 26.616430863255985 7.958716908821672 14.151583562047122 27.217142383720073 12.783896544028197 31.888065909576206 9.341064902758282 
10.677634340554073 17.88811049278758 27.449110066496367 29.919663219210783 8.914591091497114 3.550753609151081 0 20.823980415014695 31.539013680231367 22.381294473256094 14.372999913227353 19.172076405146424 15.398399780400686 19.726496159642277 15.56974460759696 12.148499303043259 29.16532203846285 16.405019012819228 18.65594698741285 25.945433667769827 16.04732389060756 9.522087255184523 28.884411937441165 27.004370606661965 3.785284004446887 18.211291275835368 29.232305949951595 18.14948278551815 33.72386522724397 14.416149833663159 
21.859985720453217 10.020432338633828 24.583857572675946 29.93808587099763 22.630455331894453 23.60302207776529 20.823980415014695 0 27.751133197937634 19.641589149305418 15.555484896627098 10.296054289874538 14.814758889594884 3.5425829109520564 25.958051639176606 17.066358355764542 25.89525579599826 22.292390933406736 18.11534776848555 8.29803634410022 10.646569340142413 18.48676085773524 29.252989089730335 7.593938971811323 21.256050548367057 30.82768921821759 19.14930292628243 26.486562141467694 14.530966151063582 17.93804239907478 
22.850858133729577 23.144384064825406 7.381633834092745 10.974001388742854 26.952236481319087 29.927833186875468 31.539013680231367 27.751133197937634 0 14.684886206253593 30.57091229155292 17.8809126845481 17.999019227435387 22.880727335898037 28.619917401233927 25.56459059512806 5.104609241905332 20.320412596982393 12.240701351057663 25.498304305415264 26.728418161558306 25.476706885594513 11.630238852743467 22.783421706955554 33.882204371370285 25.076760122954198 13.489703632448846 22.62260252745381 23.05166823120401 19.245483046246214 
12.254886596459883 18.52406396166773 6.621365249343776 12.757230376502417 16.828102995008276 15.717861403497892 22.381294473256094 19.641589149305418 14.684886206253593 0 27.021822648084328 9.946981694937588 10.143056779840592 17.06756610589287 15.188262024397904 16.500759769667557 11.98271817106654 8.954183916132358 6.145342998042123 24.990072510894226 18.686679150820805 15.164556947112093 13.92266427124132 21.098887979315563 20.658113361876296 17.03104900743978 18.731137704268956 10.667054649665026 24.660750471282153 8.53342917092085 
18.22724895245993 13.302469802547119 27.583130609873248 35.11761531450611 18.10612245532539 17.20141070901031 14.372999913227353 15.555484896627098 30.57091229155292 27.021822648084328 0 15.000576198542813 17.09087215088305 14.669092900541465 25.94258392340158 10.147355785674764 32.4225225154132 24.632115357901714 24.148068857855815 16.647099151804845 7.976591511977213 16.580185734409966 35.1402095589247 15.30507947767038 18.28191605371102 24.38172643011468 28.72331194460282 24.58433082444897 22.560099899505826 16.371331632385413 
11.54177208199707 9.664059719648932 15.027608268996039 17.443951804134837 17.650634258683624 13.525539823436706 19.172076405146424 10.296054289874538 17.8809126845481 9.946981694937588 15.000576198542813 0 5.816527468799844 11.100062794954468 16.93661515212182 7.770248589940224 22.04786180947413 13.749620354742941 8.086004883003957 16.20224420750893 11.202085441715074 11.425497006025845 19.90597283758588 16.360866338178457 18.340211243838375 19.049176212271473 16.181911248252874 15.958313364363772 19.25676955305352 9.404121261462135 
11.016434046555291 9.374639255920433 12.796744763135928 16.632977317239646 16.112909897814603 12.748703773525381 15.398399780400686 14.814758889594884 17.999019227435387 10.143056779840592 17.09087215088305 5.816527468799844 0 13.556442405472959 17.672027400144163 7.115540221668554 20.691919551908164 10.283805006341423 9.379644914854303 20.327095352792956 13.276965730989929 12.995745287798261 22.53947298807246 16.896457710473204 18.53769775271992 15.916418599168422 15.345330672538545 15.757444153261131 22.93449783718762 7.67202225574473 
17.254218911620864 6.1385784204579625 19.560176410977064 26.67806366979422 22.923430421649517 21.983957939434834 19.726496159642277 3.5425829109520564 22.880727335898037 17.06756610589287 14.669092900541465 11.100062794954468 13.556442405472959 0 27.48268623133973 13.683010562399458 23.152472017717088 24.68127946176689 17.25314040811523 8.097836327548613 10.915874218639457 18.10082178692568 27.73406572258342 8.960057449391659 21.511474523846392 26.62805871872675 13.137740732659816 23.366773283381466 14.781129095883976 13.822186423902256 
10.916278268669593 22.94908929589029 18.85897336434276 24.819687145985924 10.569698561869203 10.12923808481006 15.56974460759696 25.958051639176606 28.619917401233927 15.188262024397904 25.94258392340158 16.93661515212182 17.672027400144163 27.48268623133973 0 13.43792882797889 25.817632922476577 11.532359901770304 17.834715506051687 30.816009344646105 24.76790918322301 12.558121217374634 22.302239428643826 30.754022521418875 9.438049191358612 5.5295811048686225 30.63930445524195 9.833064054581438 33.34625093990616 11.66034670506493 
11.537919990348794 9.543720225693015 19.38404935014458 25.54387123248293 10.417969572968833 9.849757346353277 12.148499303043259 17.066358355764542 25.56459059512806 16.500759769667557 10.147355785674764 7.770248589940224 7.115540221668554 13.683010562399458 13.43792882797889 0 26.743208983885037 16.26799640406132 14.044396194872112 21.332731351360607 10.166536354146873 9.321300966674066 27.252782089282604 20.323967350864542 12.357771096572709 18.93754275117825 20.559065066139286 18.561111231781037 25.948717547677774 10.572121259019717 
22.79006254594913 24.56656222699026 9.629951601134476 4.933107259838827 27.12436935409213 31.559510185286136 29.16532203846285 25.89525579599826 5.104609241905332 11.98271817106654 32.4225225154132 22.04786180947413 20.691919551908164 23.152472017717088 25.817632922476577 26.743208983885037 0 19.961544842645825 14.81063671818006 29.119848163674085 30.771288102014154 24.477710513750015 9.546386276891727 25.657822122553405 32.38105042183681 23.7761583673284 17.885454503546217 22.030076139661084 24.795228870977727 21.656525329506977 
10.828654057621076 20.977753425106048 11.925309851121945 15.079062309690588 12.961515728612543 16.360393303626992 16.405019012819228 22.292390933406736 20.320412596982393 8.954183916132358 24.632115357901714 13.749620354742941 10.283805006341423 24.68127946176689 11.532359901770304 16.26799640406132 19.961544842645825 0 10.858298558319294 28.834784998232735 21.321104545237436 10.065225288701145 17.415025479687856 24.396138731422568 18.701718491394228 7.974707267793936 24.842298015448144 7.792826348668415 28.98290189178963 8.218814756013789 
8.822317432450642 14.101379851051178 10.953317688316396 14.30239256213125 15.51566549299229 14.474464200303265 18.65594698741285 18.11534776848555 12.240701351057663 6.145342998042123 24.148068857855815 8.086004883003957 9.379644914854303 17.25314040811523 17.834715506051687 14.044396194872112 14.81063671818006 10.858298558319294 0 23.994197981359108 20.302283457820664 14.13408151967717 14.974586533188752 18.69466095102638 17.66289981741069 13.600948026545773 19.11767833685626 13.069447939181861 22.182892985490305 6.502025672899984 
22.727918130746584 12.211440503764457 27.886928998198613 27.185884552204037 27.161271423310755 27.27841382563437 25.945433667769827 8.29803634410022 25.498304305415264 24.990072510894226 16.647099151804845 16.20224420750893 20.327095352792956 8.097836327548613 30.816009344646105 21.332731351360607 29.119848163674085 28.834784998232735 23.994197981359108 0 12.056752785809147 21.532970972919603 30.308418084794738 2.0870140799538435 30.072279678461864 34.746850014706844 16.970299971007012 29.315154511972572 10.314748244531552 22.185924123915946 
18.747993069788624 5.982412746717118 22.946949008818944 30.49577741132973 15.22143926360071 14.947564999036738 16.04732389060756 10.646569340142413 26.728418161558306 18.686679150820805 7.976591511977213 11.202085441715074 13.276965730989929 10.915874218639457 24.76790918322301 10.166536354146873 30.771288102014154 21.321104545237436 20.302283457820664 12.056752785809147 0 11.579827131313246 29.260911618833934 15.704018649292802 16.783458207058356 22.22280586492184 23.302176306515932 21.9118113473824 19.26923831044508 13.475303785342874 
7.629914639162036 13.981133685231624 21.728577763236785 21.469061953181207 6.6493803738138375 5.3390646012297385 9.522087255184523 18.48676085773524 25.476706885594513 15.164556947112093 16.580185734409966 11.425497006025845 12.995745287798261 18.10082178692568 12.558121217374634 9.321300966674066 24.477710513750015 10.065225288701145 14.13408151967717 21.532970972919603 11.579827131313246 0 26.808814506222046 22.08833975257689 7.396298515443762 14.523856916454857 26.481715787366568 12.43852013938461 27.807338207330766 8.558919083187234 
20.276175269647048 29.116773145170256 7.538310718418183 4.095727503659254 26.488804877918525 26.263621762929663 28.884411937441165 29.252989089730335 11.630238852743467 13.92266427124132 35.1402095589247 19.90597283758588 22.53947298807246 27.73406572258342 22.302239428643826 27.252782089282604 9.546386276891727 17.415025479687856 14.974586533188752 30.308418084794738 29.260911618833934 26.808814506222046 0 28.380171969932523 29.797091730139496 23.447382054143254 24.738893246358685 20.154712912340866 30.186656567565674 18.860530555088403 
21.922468294697076 11.536343106977364 21.931531808986097 26.250528450518306 25.52977084446419 26.616430863255985 27.004370606661965 7.593938971811323 22.783421706955554 21.098887979315563 15.30507947767038 16.360866338178457 16.896457710473204 8.960057449391659 30.754022521418875 20.323967350864542 25.657822122553405 24.396138731422568 18.69466095102638 2.0870140799538435 15.704018649292802 22.08833975257689 28.380171969932523 0 27.287478826812553 29.549381447003633 16.015233814175865 29.458539431055133 6.767079727043476 20.8146811130025 
12.785805600651338 20.534176034043575 25.825835908140917 27.969268501564404 8.467157874979998 7.958716908821672 3.785284004446887 21.256050548367057 33.882204371370285 20.658113361876296 18.28191605371102 18.340211243838375 18.53769775271992 21.511474523846392 9.438049191358612 12.357771096572709 32.38105042183681 18.701718491394228 17.66289981741069 30.072279678461864 16.783458207058356 7.396298515443762 29.797091730139496 27.287478826812553 0 16.165103647346083 29.584788103400193 16.10214309293093 32.3613770866746 15.735905403465619 
8.80344354867318 25.30782956134051 16.93063922825155 19.362616006104997 9.860182825428181 14.151583562047122 18.211291275835368 30.82768921821759 25.076760122954198 17.03104900743978 24.38172643011468 19.049176212271473 15.916418599168422 26.62805871872675 5.5295811048686225 18.93754275117825 23.7761583673284 7.974707267793936 13.600948026545773 34.746850014706844 22.22280586492184 14.523856916454857 23.447382054143254 29.549381447003633 16.165103647346083 0 31.53175149308036 7.467983955172153 35.72325600959823 14.670675094956938 
24.838342361260306 20.98660843528751 16.33552875989412 22.18515764232275 31.27887343800684 27.217142383720073 29.232305949951595 19.14930292628243 13.489703632448846 18.731137704268956 28.72331194460282 16.181911248252874 15.345330672538545 13.137740732659816 30.63930445524195 20.559065066139286 17.885454503546217 24.842298015448144 19.11767833685626 16.970299971007012 23.302176306515932 26.481715787366568 24.738893246358685 16.015233814175865 29.584788103400193 31.53175149308036 0 29.519468663793322 13.788439412063376 20.565104078078306 
9.841636716253573 23.930460120085755 13.757474598080085 18.174063788760655 9.655692135836734 12.783896544028197 18.14948278551815 26.486562141467694 22.62260252745381 10.667054649665026 24.58433082444897 15.958313364363772 15.757444153261131 23.366773283381466 9.833064054581438 18.561111231781037 22.030076139661084 7.792826348668415 13.069447939181861 29.315154511972572 21.9118113473824 12.43852013938461 20.154712912340866 29.458539431055133 16.10214309293093 7.467983955172153 29.519468663793322 0 31.19685682854572 13.019049763117165 
28.06379788673879 19.904588506655774 23.501170048107838 28.44604144013634 33.33609423800763 31.888065909576206 33.72386522724397 14.530966151063582 23.05166823120401 24.660750471282153 22.560099899505826 19.25676955305352 22.93449783718762 14.781129095883976 33.34625093990616 25.948717547677774 24.795228870977727 28.98290189178963 22.182892985490305 10.314748244531552 19.26923831044508 27.807338207330766 30.186656567565674 6.767079727043476 32.3613770866746 35.72325600959823 13.788439412063376 31.19685682854572 0 23.34931133884312 
4.828315375334751 9.618658573851317 14.573972950282748 20.451018429201003 9.229919607626947 9.341064902758282 14.416149833663159 17.93804239907478 19.245483046246214 8.53342917092085 16.371331632385413 9.404121261462135 7.67202225574473 13.822186423902256 11.66034670506493 10.572121259019717 21.656525329506977 8.218814756013789 6.502025672899984 22.185924123915946 13.475303785342874 8.558919083187234 18.860530555088403 20.8146811130025 15.735905403465619 14.670675094956938 20.565104078078306 13.019049763117165 23.34931133884312 0 
FINE