START
01 30133.3333 57633.3333
02 30166.6667 57100.0000
03 30233.3333 57583.3333
04 30250.0000 56850.0000
05 30250.0000 56950.0000
06 30250.0000 57583.3333
07 30300.0000 56966.6667
08 30316.6667 56816.6667
09 30400.0000 56466.6667
10 30400.0000 56783.3333
11 30433.3333 57433.3333
12 30466.6667 56550.0000
13 30483.3333 56516.6667
14 30500.0000 56450.0000
15 30500.0000 56666.6667
16 30550.0000 57866.6667
17 30566.6667 56883.3333
18 30600.0000 57683.3333
19 30616.6667 56900.0000
20 30633.3333 56166.6667
21 30683.3333 57033.3333
22 30683.3333 57516.6667
23 30716.6667 56600.0000
24 30733.3333 56733.3333
25 30733.3333 57316.6667
26 30750.0000 56750.0000
27 30783.3333 57783.3333
28 30833.3333 56750.0000
29 30866.6667 56366.6667
30 30900.0000 55516.6667 
FINE
