START
01 10 21 16
02 22 18 82
03 7 7 76
04 4 5 27
05 10 26 48
06 12 27 62
07 14 29 38
08 27 15 84
09 9 1 2 47
10 9 12 19
11 26 26 44
12 17 16 98
13 15 16 12
14 25 14 63
15 4 25 100
16 17 22 61 
17 6 1 47
18 5 18 32
19 10 13 77
20 30 11 69
21 24 21 33
22 13 24 75
23 1 4 42
24 28 11 55
25 12 30 22
26 2 23 47
27 21 2 38
28 3 20 40
29 30 5 27
30 13 17 56
31 16 21 56
32 24 07 32
33 23 25 12
34 11 01 5
35 10 10 60
36 13 17 47
37 23 21 32
38 34 07 77
39 21 25 69
40 32 01 33
41 34 10 75
42 31 3 42
43 25 30 55
44 27 13 22
45 28 16 47
46 14 24 38
47 23 23 40
48 1 11 27
49 23 22 56
50 18 7 56
51 19 4 32
52 27 10 12
53 24 12 5
54 10 14 60
55 13 27 23
56 15 9 14
57 7 9 75
58 31 26 45
FINE


